1369.17395
1404.008057
1399.657959
1388.171997
1383.098022
1365.505005
1370.582031
1359.498047
1364.301025
1398.01001
1386.652954
1381.829956
1369.463013
1369.324951
1361.487061
1344.633057
1348.302979
1364.055054
1389.545044
1385.109985
1356.790039
1335.204956
1340.097046
1343.615967
1317.791992
1319.608032
1331.051025
1328.103027
1316.562012
1338.869995
1376.505981
1361.55896
1404.008057
1408.415039
1411.909058
1389.103027
1397.224976
1432.703003
1435.313965
1445.026001
1452.80896
1451.118042
1436.662964
1443.365967
1469.421997
1470.022949
1470.791992
1470.357056
1466.337036
1453.994995
1457.301025
1446.285034
1492.963013
1500.640015
1513.824951
1512.597046
1514.775024
1496.427002
1511.69104
1497.043945
1497.040039
1517.192993
1568.353027
1574.522949
1587.203979
1610.125977
1581.465942
1618.517944
1612.682983
1592.422974
1586.493042
1600.425049
1600.430054
1600.430054
1600.430054
1600.430054
1600.430054
1600.430054
1600.430054
1600.430054
1628.837036
1590.729004
1623.880005
1649.281982
1685.159058
1693.427979
1679.192993
1703.529053
1691.009033
1677.759033
1663.832031
1658.53894
1696.827026
1703.774048
1717.095947
1717.015015
1721.751953
1681.654053
1682.296997
1647.380981
1654.897949
1675.067017
1689.76001
1687.277954
1661.812012
1668.874023
1662.095947
1637.144043
1637.098999
1678.072998
1691.642944
1694.743042
1736.219971
1745.542969
1745.098022
1717.26001
1747.871948
1755.685059
1741.694946
1740.053955
1736.477051
1734.046997
1719.67395
1724.276978
1741.623047
1758.146973
1768.64502
1766.483032
1777.515991
1774.552002
1770.279053
1727.348022
1722.985962
1715.135986
1697.156006
1679.07605
1693.860962
1675.88501
1669.421997
1651.577026
1657.785034
1635.500977
1635.499023
1611.859985
1606.801025
1579.447021
1595.587036
1595.589966
1595.589966
1595.589966
1595.589966
1595.589966
1560.214966
1568.05896
1603.767944
1597.569946
1562.687988
1539.958984
1555.442017
1558.286987
1549.061035
1558.329956
1550.348022
1518.045044
1524.436035
1557.177979
1548.722046
1555.906006
1579.657959
1567.067017
1543.526978
1542.08606
1517.14502
1493.813965
1468.071045
1468.343994
1472.072021
1438.735962
1463.776978
1475.416016
1445.500977
1427.301025
1433.467041
1450.682983
1440.729004
1427.754028
1401.113037
1385.18103
1408.688965
1399.161987
1441.067993
1441.189941
1444.589966
1450.500977
1438.397949
1439.782959
1430.654053
1397.147949
1399.46106
1403.755005
1421.543945
1456.130005
1457.536987
1447.94104
1448.036987
1407.437988
1407.395996
1387.670044
1384.128052
1388.810059
1407.331055
1386.202026
1373.217041
1366.374023
1404.505005
1389.03894
1390.46106
1395.848022
1400.769043
1384.963989
1368.196045
1368.449951
1354.510986
1360.199951
1358.215942
1340.449951
1341.738037
1325.412964
1344.625977
1339.784058
1334.421997
1320.614014
1319.532959
1342.062012
1321.462036
1327.927002
1327.115967
1321.464966
1324.293945
1309.333008
1284.307007
1287.081055
1260.31604
1300.357056
1355.225952
1371.20105
1414.702026
1463.220947
1448.562012
1420.147949
1464.779053
1435.562988
1427.397949
1435.588989
1420.009033
1396.699951
1396.699951
1396.699951
1396.699951
1396.699951
1396.699951
1422.928955
1413.154053
1384.438965
1386.720947
1332.937988
1330.517944
1335.394043
1337.618042
1330.583984
1310.545044
1329.35498
1311.151001
1324.782959
1342.79895
1341.737061
1320.536011
1305.291016
1301.527954
1326.749023
1304.776001
1305.128052
1304.229004
1307.428955
1354.385986
1347.069946
1352.217041
1370.046021
1370.389038
1356.137939
1367.828003
1379.959961
1383.02002
1371.244019
1359.125
1358.333008
1356.727051
1337.43396
1340.770996
1334.94397
1333.089966
1337.197021
1339.644043
1323.751953
1326.437988
1338.810059
1317.717041
1309.694946
1307.552979
1313.045044
1305.017944
1290.48999
1275.458984
1275.170044
1307.569946
1282.718994
1285.036011
1280.271973
1278.942993
1274.312988
1273.708984
1266.495972
1266.5
1242.774048
1251.937012
1239.430054
1244.745972
1252.401001
1257.462036
1256.922974
1256.313965
1245.619995
1216.651978
1225.453979
1218.108032
1204.394043
1234.475952
1255.776978
1254.234009
1241.958008
1225.890991
1213.672974
1191.822998
1188.93103
1252.5
1242.307007
1269.004028
1269
1269
1269
1269
1269
1269
1269
1278.880005
1276.134033
1258.968994
1284.47998
1309.276978
1309.474976
1309.948975
1312.444946
1306.003052
1303.411987
1287.449951
1294.338989
1287.713989
1293.739014
1318.270996
1316.791016
1286.233032
1289.94104
1293.5
1269.144043
1255.588989
1243.474976
1227.402954
1231.046021
1206.921997
1201.649048
1208.192017
1205.634033
1200.113037
1195.017944
1172.573975
1181.235962
1223.56604
1202.967041
1191.744995
1214.868042
1225.487061
1248.520996
1240.972046
1219.510986
1248.203003
1234.332031
1216.962036
1197.734985
1199.901978
1184.192993
1172.55603
1169.187012
1157.970947
1165.334961
1148.756958
1169.118042
1159.145996
1159.150024
1159.150024
1159.150024
1159.150024
1159.150024
1130.834961
1135.561035
1124.270996
1103.993042
1107.626953
1095.468018
1099.640015
1102.964966
1103.474976
1099.269043
1070.843994
1073.847046
1072.136963
1058.866943
1051.946045
1060.161987
1060.738037
1039.187012
1016.062988
1013.637024
1034.378052
1030.94104
1115.582031
1131.052002
1108.286011
1106.291016
1093.463989
1072.83606
1086.01001
1085.609985
1115.619995
1101.485962
1102.032959
1093.702026
1101.881958
1124.640015
1108.588013
1104.991943
1080.937988
1055.593994
1047.277954
1039.042969
1033.545044
1038.597046
1017.982971
1011.499023
1046.161011
1037.394043
1040.416016
1026.11499
1012.096985
1014.35498
1021.052002
1020.632019
1046.321045
1045.400024
1072.807007
1089.909058
1086.547974
1083.032959
1088.947998
1104.037964
1107.698975
1102.588989
1128.743042
1138.881958
1152.534058
1165.032959
1183.578979
1167.915039
1187.005981
1177.277954
1192.833984
1148.035034
1150.18396
1158.597046
1149.957031
1167.136963
1172.474976
1171.859985
1154.427979
1146.38501
1162.797974
1184.932983
1188.848022
1196.223999
1173.322021
1194.30896
1194.411011
1189.625
1188.212036
1207.16394
1217.260986
1217.281006
1212.947021
1220.626953
1212.616943
1187.988037
1159.959961
1151.97998
1155.041992
1133.237061
1131.774048
1155.484985
1155.614014
1155.609985
1155.609985
1155.609985
1155.609985
1155.609985
1138.949951
1157.192017
1161.853027
1152.607056
1139.546997
1131.375
1141.20105
1134.608032
1135.948975
1141.317993
1141.171021
1121.917969
1097.161011
1097.781982
1080.866943
1092.817017
1089.949951
1104.791992
1095.272949
1100.045044
1100.650024
1110.146973
1108.152954
1088.301025
1090.194946
1088.652954
1087.508057
1095.890015
1095.310059
1116.999023
1119.936035
1098.655029
1105.745972
1113.374023
1114.916016
1110.822998
1096.985962
1099.260986
1098.746948
1094.286987
1079.197021
1087.793945
1099.61499
1098.322998
1113.477051
1116.366943
1117.845947
1125.386963
1123.555054
1127.508057
1131.750977
1136.342041
1130.759033
1135.238037
1144.870972
1156.822998
1154.287964
1157.034058
1169.862061
1161.057007
1180.963013
1197.269043
1209.421997
1215.667969
1220.618042
1211.052979
1226.703979
1221.458984
1202.869019
1208.437988
1233.349976
1251.57605
1255.307983
1255.774048
1252.062012
1258.046021
1287.625977
1282.095947
1290.055054
1269.453979
1282.656006
1279.640015
1286.327026
1299.166016
1270.633057
1267.407959
1267.541992
1288.418945
1284.225952
1288.847046
1296.865967
1297.186035
1299.030029
1306.58606
1285.666016
1293.296997
1288.954956
1259.916016
1250.384033
1245.166016
1245.652954
1259.67395
1259.043945
1274.812012
1274.189941
1269.462036
1288.417969
1290.39502
1296.706055
1302.457031
1294.703979
1295.915039
1298.791016
1305.567017
1294.718018
1298.295044
1319.470947
1329.797974
1340.161987
1339.737061
1342.964966
1359.081055
1362.229004
1360.131958
1332.329956
1359.537964
1378.614014
1385.114014
1396.702026
1385.900024
1416.792969
1409.786011
1399.766968
1417.477051
1416.732056
1440.223022
1497.104004
1531.161011
1545.687012
1537.376953
1602.832031
1664.088013
1613.250977
1625.145996
1617.281006
1659.545044
1657.688965
1604.552002
1590.92395
1591.425049
1613.894043
1648.537964
1657.287964
1641.300049
1684.194946
1669.399048
1684.624023
1679.125977
1589.545044
1591.48999
1551.384033
1552.797974
1548.494995
1531.327026
1533.97998
1574.467041
1586.286011
1592.332031
1598.115967
1596.06604
1605.71106
1633.448975
1639.551025
1639.286011
1671.618042
1672.21106
1697.281982
1681.546997
1718.555054
1741.469971
1730.189941
1734.328979
1745.80603
1740
1655.772949
1665.208008
1682.886963
1684.251953
1645.160034
1655.121948
1665.328003
1665.94397
1685.46106
1686.654053
1675.167969
1662.031006
1612.733032
1600.614014
1600.871948
1601.057983
1570.150024
1547.436035
1580.577026
1578.56604
1606.064941
1605.926025
1570.738037
1595.656982
1616.410034
1603.332031
1598.017944
1601.150024
1613.35498
1612.395996
1623.016968
1623.034058
1650.437988
1651.024048
1655.194946
1658.637939
1636.69104
1657.52002
1664.078003
1672.120972
1661.189941
1667.984009
1674.965942
1695.862061
1689.389038
1689.692017
1721.045044
1732.987061
1735.240967
1732.453003
1740.901001
1725.360962
1722.365967
1712.636963
1725.03894
1736.963013
1752.42395
1785.38501
1784.862061
1790.104004
1778.18103
1784.656006
1771.29895
1763.901001
1787.185059
1792.253052
1790.364014
1759.394043
1805.18103
1806.645996
1810.645996
1807.175049
1809.656006
1837.993042
1855.713013
1851.313965
1866.362061
1886.307007
1889.530029
1866.817017
1896.482056
1883.347046
1863.765015
1888.239014
1922.935059
1941.546997
1971.792969
2017.279053
2037.552002
2041.35498
2062.362061
2050.812012
2047.276978
2038.720947
2054.091064
2099.289063
2102.049072
2161.647949
2173.284912
2156.604004
2156.75
2093.637939
2180.496094
2218.950928
2223.455078
2249.110107
2273.907959
2332.434082
2364.177002
2373.205078
2342.937988
2343.667969
2435.761963
2479.731934
2536.386963
2567.593994
2675.474121
2715.718994
2641.333984
2707.198975
2807.803955
2825.575928
2770.110107
2668.110107
2794.700928
2821.01709
2778.899902
2756.98291
2832.207031
2933.189941
2949.144043
2975.128906
2857.36499
2882.558105
2945.262939
2930.562012
2786.334961
2785.431885
2673.211914
2612.537109
2675.697021
2716.175049
2737.731934
2730.385986
2807.174072
2831.87207
2905.093018
2993.008057
2998.474121
3040.599121
2771.791016
2881.072998
2797.189941
2831.525879
2785.305908
2840.175049
2896.593994
2928.014893
2937.909912
2954.914063
2964.793945
2906.333984
2951.697998
2930.480957
3014.441895
3032.195068
3057.379883
3071.225098
3074.285889
3122.811035
3138.825928
3173.018066
3197.537109
3183.98291
3252.594971
3291.299072
3291.541992
3319.139893
3323.584961
3398.949951
3444.291016
3495.224121
3531.029053
3518.26709
3596.440918
3611.870117
3612.395996
3449.016113
3584.204102
3710.885986
3720.531982
3743.958984
3783.062988
3759.866943
3841.271973
3841.271973
3950.010986
3950.010986
4013.084961
4049.700928
4021.677979
4046.39209
3899.177979
3986.042969
4048.292969
4030.258057
4072.225098
4110.378906
4173.708984
4151.132813
4179.775879
4272.11084
4334.923828
4053.087891
4109.653809
4000.741943
3670.400879
3767.101074
3776.316895
3890.802979
3913.13501
3995.679932
4072.137939
4176.479004
4115.208984
4132.868164
4253.348145
4269.523926
4181.323242
4230.823242
4091.445068
3941.081055
3973.371094
4078.599121
3914.204102
3820.702881
3836.293945
3899.724121
3816.165039
3615.87207
3781.3479
3883.216064
3853.020996
3865.7229
3915.990967
3914.39502
3821.916016
3896.190918
3930.060059
3912.940918
4058.853027
4213.36084
4210.329102
4323.96582
4346.458008
4345.356934
4440.769043
4471.032227
4300.562988
4407.72998
4560.773926
4628.10791
4651.225098
4663.162109
4754.095215
4749.369141
4820.063965
4872.785156
4869.882813
4765.448242
4656.574219
4904.85498
4955.207031
4980.075195
5032.494141
5107.667969
5150.118164
5194.688965
5109.426758
5167.883789
5218.825195
5321.055176
5294.044922
5310.71582
5393.660156
5277.175781
5355.287109
5113.967773
5172.626953
5273.591797
5312.182129
5421.39209
5425.208008
5395.265137
5470.064941
5454.673828
5485.013184
5425.879883
5338.52002
5409.402832
5552.300781
5692.754883
5715.89209
5771.463867
5913.22998
5903.26416
6030.085938
6092.057129
6036.280762
5825.282227
5818.046875
5667.332031
5773.387207
5843.108887
5562.394043
5589.630859
5747.99707
5897.192871
5954.765137
5914.285156
5777.809082
5634.452148
5536.568848
5601.783203
5330.022949
5315.540039
5187.734863
5158.118164
5412.693848
5365.26709
5316.273926
5269.816895
5293.703125
5214.225098
4984.161133
5032.129883
4958.849121
4861.11084
4803.394043
5003.333008
4871.777832
4868.61084
4915.88916
5042.653809
5035.073242
5091.755859
5161.918945
5175.076172
5095.542969
4958.042969
5007.911133
4876.76123
4836.173828
4941.78418
5043.535156
5101.778809
5234.262207
5201.181152
5233.351074
5308.88916
5261.562988
5272.813965
5319.86084
5361.574219
5393.342773
5386.530762
5435.807129
5456.541016
5484.676758
5497.900879
5443.791016
5290.605957
5151.625977
5180.51416
4914.435059
4559.750977
4703.046875
4717.733887
4761.687988
4419.293945
4457.943848
4417.849121
4383.393066
4320.76709
4672.169922
4599.695801
4490.721191
4552.315918
4497.126953
4568.150879
4664.294922
4567.025879
4527.176758
4370.285156
4192.533203
4238.179199
4334.046875
4299.513184
4348.542969
4438.265137
4335.445801
4292.653809
4360.98584
4300.515137
4146.298828
4165.87793
4070.115967
3971.25708
3962.673096
3820.048096
3668.896973
3761.60498
3804.053955
3796.575928
3626.187988
3629.618896
3606.856934
3411.49292
3580.145996
3472.712891
3329.162109
3347.88208
3446.243896
3599.61792
3612.539063
3413.906982
3471.74292
3492.893066
3296.672119
3348.353027
3291.599121
3222.740967
3094.667969
3116.977051
3147.792969
3278.330078
3583.028076
3557.749023
3474.721924
3523.405029
3693.105957
3761.009033
3733.50293
3579.146973
3656.839111
3613.493896
3626.981934
3560.24292
3657.431885
3637.323975
3624.23291
3604.760986
3443.162109
3544.186035
3485.629883
3473.091064
3364.543945
3375.406982
3459.025879
3401.437012
3433.354004
3459.043945
3436.397949
3369.913086
3351.64502
3329.669922
3072.333008
3024.23999
2957.531982
2868.800049
2874.103027
2794.750977
2941.11499
2748.874023
2831.736084
2760.416992
2803.019043
2905.013916
2901.850098
2748.431885
2736.103027
2651.60498
2651.725098
2703.529053
2669.89209
2792.396973
2814.947021
2920.545898
2875.449951
2856.634033
2878.256104
2779.447998
2705.866943
2684.778076
2778.366943
2861.417969
2846.116943
2837.849121
2910.291992
2865.101074
2903.011963
2850.311035
2836.667969
2775.717041
2801.816895
2741.73999
2690.746094
2719.36792
2727.576904
2605.718994
2470.073975
2457.197998
2446.297119
2437.082031
2450.610107
2319.86792
2344.468994
2523.281982
2431.716064
2405.226074
2413.374023
2350.083984
2342.146973
2350.143066
2397.368896
2325.13501
2304.891113
2276.672119
2277.410889
2202.446045
2143.420898
2145.779053
2150.759033
2078.980957
2079.673096
1986.635986
1929.046997
1895.837036
2075.091064
2236.409912
2201.51001
2216.811035
2297.500977
2293.783936
2173.738037
2157.839111
2092.224121
2074.583008
2000.572021
2073.568115
2017.321045
1994.666992
1909.94104
1930.651001
1974.005981
1958.529053
1895.822021
1875.561035
1839.620972
1723.350952
1771.821045
1719.812012
1763.607056
1728.786011
1719.774048
1706.703003
1760.609009
1717.722046
1747.713013
1874.801025
1843.607056
1859.109985
1927.613037
1986.437988
2030.484985
1902.430054
2017.473999
1983.76001
1969.389038
1897.060059
1888.714966
1897.884033
1917.860962
1871.156006
1894.61499
1889.637939
1965.41394
2001.504028
2018.656006
2090.772949
2037.73999
2079.116943
2031.68103
1954.214966
1964.374023
1975.005981
1976.81897
2015.69397
2018.463013
1987.755005
1897.224976
1863.800049
1852.418945
1851.517944
1850.47998
1832.910034
1820.805054
1880.715942
1937.14502
1924.011963
1878.18103
1904.860962
1900.347046
1863.366943
1928.869019
1920.206055
1954.437988
1986.671997
1994.107056
1985.015991
2004.95105
1990.656982
2011.682983
2060.808105
2107.749023
2098.018066
2181.239014
2224.714111
2265.160889
2260.820068
2248.091064
2320.791992
2389.386963
2319.440918
2209.862061
2227.125
2261.478027
2305.7771
2200.654053
2206.573975
2121.250977
2082.852051
2093.447021
2071.430908
2198.106934
2221.075928
2193.00708
2118.748047
2158.568115
2139.024902
2133.881104
2128.8479
2153.291016
2218.325928
2223.725098
2265.759033
2281.086914
2325.47998
2338.419922
2291.554932
2361.704102
2374.437988
2358.040039
2373.212891
2408.01709
2425.291016
2419.778076
2439.181885
2347.38501
2379.875977
2444.226074
2513.700928
2527.180908
2536.055908
2534.134033
2503.935059
2557.456055
2535.827881
2461.345947
2463.954102
2448.594971
2405.3479
2401.437988
2468.191895
2477.569092
2559.910889
2567.336914
2592.52002
2597.447021
2625.64502
2579.74707
2618.172119
2663.766113
2639.886963
2645.262939
2652.779053
2676.681885
2651.414063
2610.62207
2597.601074
2610.01001
2588.574951
2632.929932
2721.280029
2724.302002
2778.589111
2767.243896
2753.891113
2768.335938
2787.886963
2816.24707
2797.320068
2743.761963
2789.549072
2776.021973
2810.123047
2853.903076
2880.491943
2896.302002
2892.697021
2922.299072
2925.045898
2928.210938
2975.313965
2959.362061
3008.149902
3060.253906
3088.366943
3124.666992
3089.449951
3080.773926
3123.034912
3113.931885
3080.555908
3145.156982
3188.551025
3183.741943
3189.740967
3266.919922
3213.206055
3296.61499
3328.48999
3372.603027
3435.211914
3438.371094
3266.431885
3321.560059
3412.062012
3462.590088
3471.441895
3428.500977
3356.330078
3260.689941
3249.76001
3264.726074
3112.718994
3140.560059
3046.971924
2870.629883
2910.884033
2785.583984
2911.582031
2960.770996
2993.428955
2915.802979
2967.594971
2946.39502
2860.687988
2667.745117
2683.724121
2714.974121
2845.023926
2861.608887
2881.115967
2930.475098
2946.259033
2924.883057
2989.791992
3026.740967
3033.728027
2999.709961
3060.26001
2962.666992
2967.010986
2897.552979
2842.720947
2853.553955
2838.842041
2763.524902
2754.540039
2779.426025
2911.715088
2894.48291
2936.190918
2970.531982
2979.788086
2976.633057
3038.272949
3084.454102
3070.589111
3051.412109
3107.846924
3109.565918
3021.458984
3031.329102
2960.466064
2995.8479
3076.648926
3114.227051
3128.537109
3155.052979
3164.037109
3175.584961
3178.610107
3175.191895
3172.945068
3187.646973
3275.048096
3282.888916
3303.233887
3320.612061
3308.345947
3338.663086
3223.525879
3290.165039
3170.979004
3096.264893
3195.301025
3235.363037
3269.750977
3264.62793
3317.043945
3331.896973
3296.664063
3239.568115
3254.263916
3247.318115
3302.904053
3274.459961
3255.212891
3179.077881
3113.885986
3122.9729
3050.52002
3073.7771
3153.409912
3141.353027
3188.784912
3211.76001
3262.600098
3277.138916
3243.76001
3282.178955
3254.215088
3192.775879
3195.99707
3212.75
3273.966064
3172.657959
3215.550049
3224.1521
3237.0979
3246.874023
3151.850098
3158.863037
3128.587891
3094.410889
3019.394043
2986.606934
2994.143066
2989.291992
2941.360107
2934.712891
3003.834961
2995.308105
2939.4021
2935.174072
2948.842041
2982.5
2985.499023
3018.133057
3003.397949
2982.574951
3022.177002
3060.61792
3051.943115
3087.842041
3073.10791
3097.004883
3023.373047
3031.064941
3053.231934
3069.141113
3048.927002
3051.281982
3013.412109
2976.938965
2992.841064
3050.479004
3046.089111
3067.75
3074.575928
3053.125
3056.808105
3019.176025
3059.715088
3123.798096
3128.468018
3109.10498
3147.416016
3157.957031
3158.680908
3148.221924
3118.708984
3145.346924
3129.262939
3161.250977
3166.183105
3164.966064
3130.302002
2980.297119
2979.532959
3033.278076
2999.483887
2983.537109
2969.50293
2907.927979
2900.331055
2868.431885
2870.611084
2835.2771
2857.150879
2739.701904
2688.383057
2698.75708
2647.572998
2655.714111
2710.50708
2696.628906
2559.930908
2594.782959
2587.806885
2555.939941
2583.521973
2673.423096
2622.629883
2625.792969
2655.917969
2655.76709
2592.145996
2568.282959
2571.423096
2552.656006
2553.593018
2511.729004
2513.947021
2583.870117
2562.580078
2569.940918
2569.939941
2560.245117
2513.221924
2586.208984
2588.697998
2569.87207
2566.745117
2552.816895
2535.278076
2427.052002
2398.370117
2373.791992
2382.900879
2363.947998
2409.424072
2421.116943
2415.149902
2470.923096
2490.718018
2450.284912
2470.439941
2424.303955
2424.270996
2475.420898
2528.729004
2535.394043
2562.406006
2572.028076
2588.683105
2575.36792
2633.663086
2648.115967
2637.50293
2672.516113
2627.001953
2638.521973
2620.75708
2658.39209
2672.531982
2595.272949
2607.49707
2575.475098
2606.699951
2661.708008
2671.893066
2666.301025
2687.979004
2642.306885
2639.365967
2650.306885
2596.580078
2603.480957
2610.741943
2652.664063
2638.798096
2622.88208
2655.775879
2655.394043
2696.25
2698.363037
2695.291016
2656.352051
2663.208984
2688.320068
2688.521973
2652.50293
2602.465088
2598.688965
2588.712891
2591.550049
2627.967041
2611.354004
2610.677979
2655.657959
2738.743896
2806.941895
2841.406982
2861.361084
2879.635986
2971.159912
2955.227051
3001.853027
3003.950928
2983.531982
2975.042969
3051.417969
3041.542969
2997.048096
2992.579102
2978.834961
3054.020996
3045.434082
3030.988037
3086.938965
3129.49707
3159.511963
3135
3115.355957
3147.743896
2985.435059
3014.413086
2894.538086
2838.856934
2865.451904
2888.565918
2884.371094
2828.281982
2859.936035
2898.260986
2871.697998
2866.355957
2820.180908
2823.448975
2843.606934
2842.429932
2857.177002
2875.861084
2848.545898
2810.948975
2841.040039
2922.954102
2927.076904
2911.414063
2898.137939
2893.73999
2852.919922
2904.11499
2877.899902
2855.219971
2835.156982
2781.4021
2732.98999
2751.5271
2759.574951
2808.076904
2852.647949
2839.220947
2824.197021
2838.801025
2791.809082
2804.047119
2821.304932
2827.711914
2791.343994
2706.659912
2708.979004
2758.096924
2677.6521
2715.293945
2695.718994
2677.431885
2708.813965
2749.149902
2752.75
2790.694092
2798.959961
2774.064941
2818.163086
2827.327881
2899.134033
2899.237061
2923.895996
2926.964111
2899.791992
2932.246094
2855.516113
2862.63501
2878.603027
2878.564941
2905.052979
2918.919922
2913.808105
2902.978027
2942.305908
2996.210938
2999.941895
3002.154053
2957.143066
2933.795898
2937.626953
2896.256104
2930.803955
2897.298096
2906.88501
2909.136963
2919.14209
2948.477051
2946.706055
2977.813965
2984.004883
2958.076904
2955.770996
2928.111084
2967.409912
3001.360107
3007.908936
3030.020996
3022.746094
3021.368896
3050.396973
3042.63501
3050.525879
3057.329102
2999.041016
3007.037109
3026.666992
3010.51709
2964.950928
2938.980957
2925.407959
2887.042969
2911.51001
2932.187988
2866.01709
2872.404053
2863.885986
2872.459961
2890.634033
2883.419922
2844.083008
2871.031006
2849.066895
2852.772949
2872.770996
2859.573975
2858.458984
2774.569092
2767.055908
2741.740967
2736.5271
2709.947021
2706.361084
2743.471924
2743.572021
2705.180908
2728.02002
2744.300049
2750.288086
2703.344971
2705.143066
2700.378906
2730.040039
2705.430908
2664.281982
2642.818115
2621.25293
2646.48291
2649.321045
2688.249023
2746.210938
2758.22998
2759.201904
2728.48291
2762.075928
2759.362061
2812.818115
2816.354004
2810.479004
2794.26709
2797.772949
2802.691895
2754.582031
2795.476074
2810.444092
2820.168945
2816.687988
2796.98291
2794.205078
2765.894043
2770.790039
2688.746094
2703.025879
2723.491943
2708.7771
2701.729004
2703.782959
2679.259033
2678.485107
2684.039063
2626.423096
2526.815918
2526.070068
2549.176025
2581.508057
2593.173096
2626.77002
2608.166016
2601.260986
2559.471924
2534.35791
2515.863037
2554.019043
2541.091064
2615.260986
2612.187988
2576.413086
2566.594971
2567.340088
2556.041992
2528.280029
2478.739014
2470.523926
2516.090088
2498.943115
2497.75293
2471.304932
2484.826904
2479.054932
2482.343018
2437.794922
2447.754883
2512.962891
2443.055908
2433.158936
2393.183105
2415.053955
2392.062012
2365.343018
2359.218994
2344.787109
2348.516113
2420
2438.790039
2431.375
2440.4021
2383.485107
2377.511963
2331.365967
2317.274902
2370.333008
2409.672119
2427.47998
2435.61499
2473.409912
2468.25
2470.019043
2504.10791
2508.090088
2528.293945
2509.799072
2503.835938
2524.918945
2479.535889
2481.083984
2528.714111
2529.760986
2466.958984
2463.045898
2416.562012
2415.129883
2412.625
2395.063965
2397.553955
2380.224121
2383.033936
2412.393066
2333.414063
2386.860107
2360.664063
2333.229004
2325.905029
2332.72998
2329.820068
2315.27002
2291.544922
2248.590088
2228.524902
2180.89502
2224.840088
2218.235107
2215.929932
2191.147949
2186.295898
2204.783936
2190.110107
2166.205078
2170.012939
2173.561035
2199.416992
2169.389893
2148.451904
2163.39502
2225.889893
2285.743896
2276.045898
2275.01001
2244.580078
2206.193115
2298.375
2266.384033
2296.074951
2319.11792
2285.038086
2292.610107
2268.080078
2312.555908
2330.405029
2331.135986
2291.9021
2347.530029
2349.589111
2351.980957
2351.854004
2344.770996
2366.701904
2356.860107
2357.180908
2363.596924
2381.429932
2403.586914
2409.553955
2439.626953
2447.056885
2451.856934
2428.487061
2426.11499
2460.693115
2445.001953
2410.445068
2394.793945
2420.275879
2439.461914
2434.85791
2455.793945
2391.22998
2373.773926
2404.736084
2410.184082
2376.839111
2378.195068
2375.771973
2349.539063
2350.599121
2347.178955
2284.881104
2252.159912
2262.788086
2302.240967
2306.552002
2285.7771
2305.863037
2308.925049
2350.864014
2359.160889
2357.025879
2334.985107
2380.8479
2378.634033
2406.863037
2388.587891
2388.833984
2406.812988
2404.697021
2396.315918
2438.436035
2440.080078
2452.013916
2451.947021
2448.884033
2408.585938
2410.229004
2394.981934
2380.725098
2374.843018
2346.191895
2378.885986
2344.520996
2348.300049
2373.305908
2363.437012
2350.9729
2333.552979
2361.366943
2389.635986
2384.667969
2372.233887
2373.436035
2308.550049
2311.916016
2309.554932
2293.129883
2281.447021
2305.855957
2289.791016
2318.924072
2295.946045
2306.850098
2316.052002
2300.794922
2292.876953
2260.876953
2224.114014
2222.066895
2216.934082
2195.843018
2225.429932
2226.110107
2229.191895
2227.314941
2201.353027
2223.579102
2170.813965
2164.437988
2175.383057
2185.490967
2185.89502
2147.955078
2161.186035
2169.099121
2184.841064
2168.637939
2141.4021
2146.587891
2136.150879
2126.003906
2128.764893
2109.914063
2103.63501
2123.360107
2111.181885
2132.795898
2154.916016
2157.620117
2160.98999
2174.102051
2168.813965
2136.077881
2142.523926
2118.945068
2112.197021
2114.891113
2106.957031
2118.268066
2107.710938
2113.072021
2092.104004
2055.708008
2073.154053
2053.235107
2052.584961
2047.521973
2059.146973
2043.649048
2037.68103
2051.917969
2127.761963
2134.893066
2120.553955
2126.553955
2110.378906
2123.846924
2078.5
2059.542969
2067.831055
2024.837036
2026.689941
2033.192017
2029.292969
2004.171997
2056.322998
2086.168945
2074.418945
2115.229004
2119.941895
2102.86792
2104.931885
2098.702881
2098.808105
2105.61792
2131.687988
2128.302002
2132.758057
2114.447021
2115.98999
2101.580078
2066.208984
2058.943115
2062.346924
2068.879883
2104.427002
2117.045898
2114.0271
2105.999023
2105.72998
2071.509033
2069.066895
2079.272949
2047.889038
2055.418945
2030.290039
2014.724976
2016.982056
2008.922974
2030.31897
2015.610962
2027.384033
2017.463989
1991.165039
1973.522949
1963.488037
1980.116943
1959.766968
1975.142944
2031.906982
2029.237061
2061.785889
2083.77002
2074.704102
2082.726074
2061.476074
2150.625
2160.342041
2162.464111
2162.239014
2168.353027
2153.310059
2159.052979
2213.611084
2219.13208
2205.896973
2233.251953
2269.12793
2276.991943
2285.364014
2276.070068
2275.340088
2283.656982
2242.99707
2311.73999
2325.681885
2309.499023
2284.908936
2317.070068
2328.220947
2315.138916
2320.910889
2302.5979
2291.303955
2346.504883
2358.977051
2382.475098
2385.422119
2419.02002
2428.154053
2433.129883
2434.477051
2418.530029
2432.4021
2421.558105
2382.914063
2397.177979
2325.950928
2314.164063
2325.819092
2293.341064
2313.219971
2365.593018
2359.506104
2273.404053
2326.305908
2347.178955
2324.292969
2318.611084
2310.593018
2286.60498
2263.968018
2270.2771
2278.400879
2240.016113
2257.434082
2317.375
2324.241943
2328.278076
2326.715088
2297.668945
2301.26001
2236.302002
2236.621094
2234.39502
2227.73999
2225.294922
2211.592041
2225.773926
2226.125977
2219.552979
2206.780029
2181.940918
2194.844971
2193.795898
2197.602051
2244.643066
2242.168945
2184.538086
2218.318115
2199.306885
2177.912109
2174.123047
2205.49707
2231.166016
2235.574951
2246.300049
2232.970947
2246.831055
2241.919922
2217.01001
2224.797119
2251.804932
2282.870117
2299.986084
2305.114014
2302.403076
2275.666992
2288.531982
2293.076904
2321.318115
2324.01709
2317.749023
2300.594971
2299.251953
2272.416992
2270.929932
2242.110107
2210.897949
2148.35498
2162.041016
2156.215088
2159.291016
2143.454102
2084.020996
2073.094971
1963.234985
1959.508057
1951.494995
1950.011963
1979.206055
1995.241943
2006.560059
1994.267944
2006.098022
2007.198975
1958.272949
1965.453979
2008.125977
2072.990967
2039.485962
2059.389893
2065.719971
2044.921997
2023.395996
1992.647949
2004.761963
2043.875977
2033.328979
2021.17395
2010.849976
1976.30603
1990.063965
1993.79895
2029.067017
2029.417969
2050.480957
2060.5
2046.777954
2044.89502
2052.235107
2101.282959
2106.156006
2100.136963
2081.879883
2068.451904
2085.602051
2072.594971
2072.960938
2067.124023
2057.458008
2096.474121
2103.565918
2101.301025
2097.227051
2098.38208
2098.447998
2123.112061
2127.61792
2122.429932
2139.99292
2212.516113
2237.983887
2241.268066
2255.604004
2236.217041
2231.400879
2185.560059
2191.851074
2221.043945
2207.531006
2198.514893
2155.809082
2160.0271
2174.665039
2198.198975
2211.769043
2190.928955
2228.145996
2237.772949
2233.412109
2193.073975
2188.541992
2193.780029
2229.237061
2210.6521
2183.106934
2164.322021
2132.955078
2133.868896
2128.864014
2160.462891
2141.614014
2149.562012
2149.634033
2157.23999
2139.606934
2129.399902
2106.126953
2109.470947
2126.771973
2087.940918
2100.506104
2135.826904
2197.218994
2193.125
2206.613037
2205.766113
2196.37793
2186.11499
2183.072998
2201.070068
2219.37207
2220.503906
2207.371094
2222.669922
2251.761963
2247.062988
2237.10791
2238.199951
2237.491943
2204.166016
2202.795898
2196.074951
2160.861084
2151.079102
2148.284912
2127.791992
2084.793945
2089.707031
2092.905029
2106.354004
2073.099121
2101.250977
2097.529053
2115.978027
2109.386963
2083.13501
2045.708984
2047.317017
2044.339966
2027.621948
2013.297974
2009.563965
2026.842041
2023.348022
2023.70105
2004.948975
1991.253052
2008.312988
2051.749023
2042.180054
2054.39209
2033.300049
2038.512939
2049.914063
2033.083008
2044.496948
2086.066895
2103.670898
2109.955078
2098.400879
2115.8479
2135.415039
2119.065918
2142.553955
2138.781982
2113.693115
2076.686035
2034.218994
2041.254028
2047.354004
2056.302002
2075.235107
2071.4729
2053.083984
2059.577881
2057.907959
1999.064941
2001.156982
1997.692017
2019.110962
2004.338989
2023.672974
2025.196045
2021.734009
1993.479004
2047.619019
2066.279053
2067.311035
2063.669922
2046.588013
2041.712036
2033.30603
2047.459961
2058.988037
2043.702026
2058.831055
2098.283936
2105.237061
2134.300049
2130.541992
2131.539063
2101.601074
2105.12207
2098.88501
2097.748047
2065.825928
2072.831055
2067.38208
2057.032959
2036.519043
2003.487061
2020.340942
2026.358032
2027.353027
2028.037964
2010.083008
2015.274048
2011.13501
2052.871094
2050.728027
2047.910034
2024.973999
2026.504028
2005.182983
2008.119019
2024.95105
2021.285034
2034.56897
2041.475952
2034.564941
2050.228027
2040.594971
2039.212036
2038.305054
2024.833984
2040.878052
2029.956055
2030.501953
2052.531982
2054.947998
2051.712891
2070.715088
2085.98291
2066.697998
2055.519043
2023.734985
2026.67395
2024.36499
2033.93103
2025.501953
2038.677002
2036.51001
2048.326904
2050.381104
2059.417969
2063.229004
2059.375
2059.927002
2064.020996
2038.612061
2038.342041
2046.96106
2066.645996
2070.356934
2067.275879
2055.591064
2059.066895
2054.479004
2075.480957
2078.489014
2105.062012
2126.614014
2177.947998
2183.191895
2181.24292
2201.562012
2185.302979
2223.331055
2219.945068
2217.465088
2187.668945
2194.425049
2224.654053
2221.594971
2222.876953
2206.466064
2226.733887
2239.466064
2245.330078
2240.210938
2230.458008
2240.812012
2229.273926
2207.105957
2209.465088
2195.818115
2217.199951
2235.510986
2266.045898
2288.626953
2306.862061
2326.431885
2326.5271
2318.304932
2311.678955
2331.949951
2339.139893
2296.554932
2307.893066
2315.927979
2329.450928
2289.865967
2309.718018
2343.574951
2345.103027
2347.718018
2357.710938
2363.870117
2382.793945
2389.371094
2374.540039
2366.009033
2359.475098
2373.669922
2356.499023
2341.184082
2356.728027
2339.656982
2326.552979
2302.417969
2302.280029
2290.437012
2337.871094
2373.030029
2391.075928
2420.177979
2430.970947
2430.737061
2420.395996
2425.809082
2419.145996
2473.183105
2470.594971
2494.275879
2486.669922
2479.185059
2475.120117
2457.529053
2451.166992
2452.616943
2487.111084
2533.887939
2567.596924
2604.886963
2630.045898
2682.918945
2680.73999
2763.316895
2779.736084
2900.362061
2938.781006
3021.523926
2859.918945
2940.876953
2925.74292
2938.173096
2953.420898
3021.518066
3061.02002
3057.520996
3108.595947
3127.445068
3032.612061
2972.531982
3072.540039
3157.603027
3168.016113
3165.814941
3234.677002
3350.519043
3351.446045
3373.954102
3293.456055
3285.412109
3229.315918
3235.301025
3222.437012
3336.455078
3376.495117
3116.351074
3173.052002
3323.611084
3343.343994
3351.763916
3383.181885
3352.959961
3305.738037
3262.304932
3210.363037
3128.300049
3204.906982
3174.125977
3136.531006
3075.906982
3095.124023
3141.593018
3157.704102
3173.416016
3203.826904
3222.363037
3246.906006
3228.843018
3298.358887
3310.302979
3336.284912
3263.052002
3279.532959
3248.476074
3241.187012
3302.407959
3286.068115
3290.899902
3349.322998
3372.910889
3449.304932
3502.846924
3577.301025
3582.270996
3617.318115
3687.728027
3691.409912
3660.727051
3682.094971
3691.095947
3786.568115
3747.898926
3810.293945
3825.783936
3863.928955
3961.37793
3994.811035
3957.533936
4034.310059
4121.714844
4135.564941
4084.163086
4194.823242
4287.295898
4217.077148
4293.623047
4398.494141
4414.507813
4393.686035
4527.395996
4476.214844
4476.620117
4441.654785
4480.463867
4298.706055
4229.266113
4112.213867
4205.916992
4333.583984
4401.219238
4375.759766
4378.311035
4308.690918
4283.491211
4417.551758
4446.288086
4529.421875
4657.596191
4813.797852
4910.896973
4941.713867
4620.266113
4611.744141
4828.737793
4910.526855
4909.978027
4947.102051
5023.096191
5131.880859
5113.53418
5106.036133
5121.592773
5166.350098
5062.993164
4887.432129
4967.897949
4785.355957
4478.36377
4576.492188
4690.149902
4527.778809
4192.873047
4053.030029
4277.222168
4053.699951
3912.76709
3686.915039
3775.912109
3727.125
3507.191895
3709.330078
3877.802979
3970.387939
3924.487061
3805.702881
3823.176025
3957.352051
3992.110107
4017.675049
4026.044922
4123.922852
4070.907959
3725.558105
3663.001953
3789.167969
3705.766113
3663.726074
3622.905029
3756.544922
3694.572998
3661.539063
3744.205078
3928.415039
3927.907959
3886.320068
3954.555908
3965.334961
3993.667969
3748.164063
3794.108887
3664.291016
3507.743896
3209.905029
2964.967041
2927.288086
3083.591064
3232.350098
3205.986084
3166.624023
3160.166992
3080.419922
3170.451904
3243.089111
3197.893066
3200.233887
3114.798096
3005.172119
3152.262939
3086.061035
3097.916992
3156.540039
3185.618896
3115.887939
3142.687012
3092.346924
3100.756104
3038.136963
3052.781006
3143.356934
3183.1521
3287.662109
3293.22998
3262.440918
3338.072998
3391.352051
3386.699951
3425.330078
3320.676025
3368.739014
3412.434082
3429.581055
3434.335938
3375.196045
3387.314941
3382.561035
3325.084961
3316.695068
3459.639893
3522.819092
3590.031982
3646.881104
3640.485107
3650.249023
3632.9021
3580.839111
3606.957031
3604.794922
3568.468018
3617.062012
3630.5
3610.314941
3616.113037
3647.929932
3635.552002
3436.302979
3445.405029
3456.309082
3536.905029
3584.823975
3524.991943
3536.927002
3470.070068
3472.438965
3455.495117
3434.581055
3520.667969
3510.354004
3516.187012
3579.999023
3578.964111
3642.471924
3651.76709
3636.089111
3612.485107
3628.000977
3533.779053
3563.736084
3572.875977
3539.181885
3296.258057
3287.710938
3361.840088
3125.001953
3186.412109
3016.704102
3022.861084
2949.596924
3007.648926
2900.969971
2913.836914
3007.739014
2976.694092
2880.481934
2916.562012
2938.514893
2749.784912
2735.558105
2655.660889
2737.600098
2688.854004
2749.570068
2739.24707
2781.022949
2763.491943
2746.196045
2836.571045
2867.337891
2862.893066
2860.020996
2927.175049
2903.331055
2928.895996
2741.245117
2767.209961
2687.979004
2733.169922
2849.680908
2859.758057
2874.146973
2897.340088
2901.386963
2862.555908
2804.726074
2810.306885
2859.499023
2864.36792
2870.429932
2904.832031
2955.149902
3018.802002
2999.363037
3009.959961
2960.969971
2979.125977
2957.820068
2919.832031
3000.64502
3003.915039
3009.530029
3053.064941
3050.592041
3008.419922
2984.958008
3033.957031
3023.645996
3066.637939
3082.362061
3078.116943
3033.659912
3042.822998
2972.583984
2952.891113
2959.23999
2946.669922
2964.699951
2953.670898
2945.589111
2938.323975
2992.643066
2991.271973
2997.842041
2913.248047
2832.113037
2832.591064
2837.037109
2835.862061
2827.108887
2850.862061
2843.684082
2807.513916
2806.906006
2825.48291
2843.64502
2821.666016
2815.085938
2822.443115
2821.045898
2822.450928
2916.615967
2913.508057
2925.229004
2938.681885
2934.0979
2936.044922
2927.158936
2833.071045
2842.188965
2887.209961
2872.816895
2885.10498
2888.809082
2878.558105
2905.550049
2891.959961
2854.285889
2895.702881
2912.556885
2931.592041
2929.605957
2932.476074
2988.604004
3006.39209
3017.291992
3016.846924
2988.093994
2994.916992
3049.381104
3060.688965
3054.018066
3054.295898
3043.563965
3036.5979
3027.899902
3039.009033
3012.815918
3015.827881
3050.166016
2991.999023
2994.322998
2979.339111
2953.38501
2971.279053
2978.460938
2982.426025
2976.696045
3004.2771
3025.680908
3018.746094
3002.637939
3050.666992
3125.195068
3110.037109
3109.554932
3104.114014
3108.102051
3084.804932
3089.706055
3085.879883
3068.329102
3070.309082
3070.0271
3074.677002
3085.490967
3063.304932
3067.352051
3072.094971
3090.712891
3091.927979
3095.954102
3078.85498
3021.977051
3023.51001
3002.849121
3026.051025
3023
3025.874023
3042.312988
3033.895996
2980.429932
2998.172119
2987.85791
2998.48291
3004.702881
3048.143066
3065.25
3058.498047
3061.345947
3063.809082
3041.166016
3083.875
3084.718994
3084.458008
3090.940918
3128.24707
3131.938965
3116.312012
3112.350098
3104.27002
3100.491943
3122.436035
3102.73291
3128.936035
3125.316895
3133.333008
3147.887939
3128.370117
3171.281982
3196.043945
3210.371094
3206.986084
3205.056885
3208.452881
3192.855957
3218.147949
3248.352051
3241.136963
3241.736084
3261.937988
3277
3282.924072
3250.033936
3273.309082
3243.843018
3204.708984
3199.646973
3222.241943
3215.365967
3232.883057
3152.969971
3155.037109
3140.531006
3117.677002
3122.981934
3118.084961
3102.875977
3137.429932
3139.558105
3110.154053
3122.569092
3114.664063
3102.236084
3096.096924
3103.636963
3135.920898
3158.793945
3165.410889
3154.321045
3171.236084
3161.670898
3136.753906
3119.289063
3112.763916
3103.427979
3108.774902
3113.011963
3101.299072
3123.138916
3136.774902
3142.552979
3149.554932
3159.166016
3140.169922
3156.983887
3153.087891
3166.981934
3183.178955
3196.698975
3216.839111
3217.927979
3212.986084
3229.61792
3202.075928
3239.960938
3253.325928
3261.218018
3251.375
3253.433105
3228.659912
3241.73291
3246.934082
3230.028076
3218.312012
3233.865967
3242.406006
3240.665039
3216.746094
3212.76001
3237.023926
3239.327881
3241.76001
3268.935059
3237.447021
3250.808105
3261.611084
3245.219971
3248.550049
3269.445068
3266.955078
3252.947998
3241.313965
3210.237061
3222.513916
3270.304932
3281.004883
3286.615967
3269.393066
3288.966064
3273.830078
3275.959961
3244.48291
3222.166992
3196.712891
3170.687012
3172.100098
3173.150879
3129.531006
3134.566895
3140.846924
3152.187012
3154.657959
3143.711914
3135.345947
3127.368896
3103.038086
3078.613037
3080.5271
3052.784912
3061.5
3083.512939
3090.229004
3112.964111
3104.441895
3090.138916
3090.631104
3075.676025
3061.947021
3064.075928
3107.831055
3110.059082
3117.177979
3102.623047
3105.540039
3091.656006
3102.125977
3140.324951
3150.333984
3158.399902
3139.876953
3153.74292
3130.674072
3132.486084
3123.166016
3144.374023
3140.013916
3156.211914
3147.452881
3157.873047
3185.444092
3191.197021
3173.200928
3188.062988
3192.427002
3195.912109
3182.803955
3207.134033
3212.444092
3217.957031
3212.63208
3203.038086
3197.543945
3218.163086
3222.416992
3176.465088
3187.566895
3230.976074
3244.86499
3237.981934
3250.599121
3243.688965
3247.675049
3249.781006
3253.23999
3273.028076
3292.637939
3285.056885
3272.928955
3262.081055
3279.457031
3281.873047
3275.572998
3261.749023
3208.541016
3237.360107
3251.261963
3246.450928
3268.429932
3268.724121
3286.906006
3290.226074
3287.705078
3271.511963
3331.521973
3362.650879
3365.226074
3363.626953
3360.810059
3367.118896
3379.835938
3384.316895
3385.388916
3365.49707
3365.24292
3376.418945
3379.488037
3384.146973
3371.426025
3353.618896
3362.858887
3356.844971
3365.996094
3357.812012
3352.529053
3341.549072
3343.583008
3345.271973
3339.64209
3348.943115
3374.37793
3382.988037
3388.283936
3386.100098
3390.522949
3378.469971
3372.041016
3381.793945
3370.172119
3378.647949
3380.698975
3388.248047
3396.897949
3407.566895
3416.812012
3390.336914
3393.342041
3395.913086
3383.310059
3371.743896
3388.174072
3413.574951
3415.459961
3427.794922
3432.673096
3447.835938
3429.548096
3402.524902
3399.25
3382.907959
3392.398926
3410.498047
3430.464111
3352.989014
3353.821045
3322.22998
3333.656982
3337.862061
3317.187988
3317.616943
3309.61792
3303.675049
3293.965088
3272.053955
3289.991943
3322.196045
3280.813965
3303.037109
3292.438965
3266.136963
3267.922119
3296.538086
3287.605957
3300.059082
3297.062988
3280.839111
3306.125
3275.782959
3296.38501
3307.172119
3348.325928
3369.10791
3385.709961
3391.75
3409.47998
3413.899902
3421.833984
3425.344971
3428.940918
3410.488037
3436.593994
3444.670898
3474.753906
3487.864014
3501.362061
3546.504883
3559.465088
3548.306885
3558.128906
3523.000977
3488.009033
3480.833008
3446.97998
3462.081055
3487.49707
3370.6521
3309.26001
3262.050049
3129.851074
3154.125
3184.958984
3199.158936
3268.559082
3289.023926
3329.573975
3292.068115
3259.407959
3273.754883
3254.528076
3256.926025
3289.64209
3271.667969
3288.406006
3307.166016
3326.698975
3310.239014
3291.38208
3291.112061
3269.88208
3279.251953
3290.639893
3280.951904
3263.47998
3152.760986
3133.721924
3166.648926
3122.290039
3160.531006
3168.896973
3163.178955
3136.633057
3131.111084
3138.293945
3190.322021
3208.082031
3180.157959
3159.052002
3110.648926
3066.797119
3091.398926
3117.375977
3071.542969
3068.011963
3128.927002
3117.974121
3075.030029
3082.231934
3081.177002
3100.858887
3091.032959
3136.64502
3161.498047
3159.149902
3174.413086
3163.262939
3174.031982
3192.11792
3169.564941
3154.282959
3193.302979
3213.840088
3214.350098
3168.964111
3154.650879
3141.302979
3135.082031
3120.460938
3041.443115
3095.474121
3075.136963
3091.190918
3114.206055
3115.179932
3109.499023
3067.147949
3052.782959
3079.802002
3049.797119
3044.159912
3021.900879
2907.822021
2915.730957
2875.810059
2889.76001
2859.335938
2844.508057
2813.177979
2786.896973
2847.417969
2775.556885
2786.887939
2759.125977
2733.88208
2747.229004
2815.110107
2827.625
2777.770996
2837.658936
2831.184082
2814.041992
2798.125977
2787.25708
2772.544922
2829.270996
2859.541992
2905.562012
2903.646973
2882.225098
2873.593994
2869.050049
2876.400879
2824.533936
2768.023926
2740.443115
2705.156982
2779.374023
2744.070068
2794.38208
2795.310059
2785.87207
2780.965088
2723.258057
2705.191895
2668.966064
2698.466064
2733.825928
2714.60791
2724.624023
2729.430908
2780.898926
2777.980957
2769.294922
2737.737061
2725.25
2720.733887
2750.580078
2704.336914
2691.593018
2702.301025
2669.485107
2664.800049
2656.110107
2686.577881
2681.643066
2651.789063
2699.949951
2730.850098
2729.243896
2797.485107
2781.138916
2806.812988
2791.774902
2821.350098
2716.51001
2721.012939
